+-----------------------------------------------------------------------------------------------------------------------------------------------------------------------------------------------------------------------------------------------+
; Legal Partition Candidates                                                                                                                                                                                                                    ;
+------------------------------------------+-------+----------------+--------------+----------------+--------+-----------------+---------------+-----------------+-------+----------------+--------------+------------------+-------------------+
; Hierarchy                                ; Input ; Constant Input ; Unused Input ; Floating Input ; Output ; Constant Output ; Unused Output ; Floating Output ; Bidir ; Constant Bidir ; Unused Bidir ; Input only Bidir ; Output only Bidir ;
+------------------------------------------+-------+----------------+--------------+----------------+--------+-----------------+---------------+-----------------+-------+----------------+--------------+------------------+-------------------+
; U7|Y1                                    ; 99    ; 96             ; 0            ; 96             ; 32     ; 96              ; 96            ; 96              ; 0     ; 0              ; 0            ; 0                ; 0                 ;
; U7|X1                                    ; 99    ; 96             ; 0            ; 96             ; 32     ; 96              ; 96            ; 96              ; 0     ; 0              ; 0            ; 0                ; 0                 ;
; U7|U0|U0|u0                              ; 13    ; 0              ; 0            ; 0              ; 14     ; 0               ; 0             ; 0               ; 0     ; 0              ; 0            ; 0                ; 0                 ;
; U7|U0|U0                                 ; 3     ; 0              ; 0            ; 0              ; 52     ; 0               ; 0             ; 0               ; 0     ; 0              ; 0            ; 0                ; 0                 ;
; U7|U0                                    ; 3     ; 2              ; 0            ; 2              ; 52     ; 2               ; 2             ; 2               ; 0     ; 0              ; 0            ; 0                ; 0                 ;
; U7                                       ; 2     ; 0              ; 0            ; 0              ; 114    ; 0               ; 0             ; 0               ; 2     ; 0              ; 0            ; 0                ; 0                 ;
; U6                                       ; 2     ; 32             ; 0            ; 32             ; 64     ; 32              ; 32            ; 32              ; 0     ; 0              ; 0            ; 0                ; 0                 ;
; U5                                       ; 2     ; 32             ; 0            ; 32             ; 64     ; 32              ; 32            ; 32              ; 0     ; 0              ; 0            ; 0                ; 0                 ;
; U4                                       ; 2     ; 32             ; 0            ; 32             ; 64     ; 32              ; 32            ; 32              ; 0     ; 0              ; 0            ; 0                ; 0                 ;
; U3                                       ; 356   ; 128            ; 1            ; 128            ; 24     ; 128             ; 128           ; 128             ; 0     ; 0              ; 0            ; 0                ; 0                 ;
; U2                                       ; 2     ; 2              ; 0            ; 2              ; 69     ; 2               ; 2             ; 2               ; 0     ; 0              ; 0            ; 0                ; 0                 ;
; U1|altpll_component|auto_generated       ; 2     ; 0              ; 0            ; 0              ; 5      ; 0               ; 0             ; 0               ; 0     ; 0              ; 0            ; 0                ; 0                 ;
; U1                                       ; 1     ; 0              ; 0            ; 0              ; 1      ; 0               ; 0             ; 0               ; 0     ; 0              ; 0            ; 0                ; 0                 ;
; pll_inst|altpll_component|auto_generated ; 2     ; 0              ; 0            ; 0              ; 5      ; 0               ; 0             ; 0               ; 0     ; 0              ; 0            ; 0                ; 0                 ;
; pll_inst                                 ; 1     ; 1              ; 0            ; 1              ; 1      ; 1               ; 1             ; 1               ; 0     ; 0              ; 0            ; 0                ; 0                 ;
+------------------------------------------+-------+----------------+--------------+----------------+--------+-----------------+---------------+-----------------+-------+----------------+--------------+------------------+-------------------+
